
3
20 5
0 5
1 1 1 1 1
1 1 1 1 1
1 3 1 3 1
1 1 1 1 1
1 3 1 3 1
1 1 1 1 1
1 3 1 3 1
1 1 1 1 1
1 3 1 3 1
1 1 1 1 1
1 3 1 3 1
1 1 1 1 1
1 3 1 3 1
1 1 1 1 1
1 3 1 3 1
1 1 1 1 1
1 3 1 3 1
1 1 1 1 1
1 3 1 3 1
1 1 1 1 1
15 5
0 5
2 2 2 2 2
2 3 2 3 2
2 2 2 2 2
2 3 2 3 2
2 2 2 2 2
2 3 2 3 2
2 2 2 2 2
2 3 2 3 2
2 2 2 2 2
2 3 2 3 2
2 2 2 2 2
2 3 2 3 2
2 2 2 2 2
2 3 2 3 2
2 2 2 2 2
10 7
0 5
2 2 2 2 2 2 2
2 3 3 2 3 3 2
2 2 2 2 2 2 2
2 3 3 2 3 3 2
2 2 2 2 2 2 2
2 3 3 2 3 3 2
2 2 2 2 2 2 2
2 3 3 2 3 3 2
2 2 2 2 2 2 2
2 2 2 2 2 2 2
res/paletback